ER-1	ER-2	ER-3	ER-4	ER-5	ER-6	ER-7	ER-8	ER-9	TNBC-1	TNBC-2	TNBC-3	TNBC-4	TNBC-5	TNBC-6	TNBC-7	TNBC-8	TNBC-9	TNBC-10	TNBC-11	TNBC-12	TNBC-13	TNBC-14	TNBC-15	WHIM30-1	WHIM30-2	WHIM30-3	WHIM30-4	WHIM2-1	WHIM2-2	WHIM2-3	
C09642	18.78228726	20.89024786	19.78052031	20.5199144	20.14033358	20.16866901	19.76338958	19.12255692	20.86755275	20.02466115	20.03942318	20.2991522	19.7937858	19.80416802	20.65124965	20.5560709	21.38005039	19.57938804	20.00016689	20.57171051	20.23665803	20.55300956	19.87489694	19.58031517	20.32838258	20.5488397	20.75070469	20.60983461	20.17330573	19.47338809	19.92015549
C05581	21.24674154	22.98870036	20.14230861	21.29530381	19.78743545	23.21979649	21.04516508	20.30790146	22.31688529	21.7767404	18.71939014	23.62811282	21.79216247	18.28018161	22.23080629	21.62462657	21.05772091	19.54844055	19.43802037	22.89147603	21.07440605	20.76172481	21.31900765	22.39245006	23.3686178	23.03371488	24.11514804	23.49200041	22.11406962	21.73062802	22.30524601
C03264	22.14937514	22.54045236	22.69343813	22.23823895	22.80304131	22.58820284	21.94613069	21.53629418	22.28951356	21.92920987	22.63019796	22.86992694	22.07002732	19.63379303	23.2528349	22.00246589	22.38292169	21.28670374	21.2177069	23.3680146	22.32752188	22.08133785	22.59219884	23.18394884	23.66671124	23.92333415	23.51047606	23.49889783	24.33510617	23.42666609	23.79640195
C15025	30.02675617	32.53354293	32.19541633	32.15122918	32.21867787	31.71914587	31.47168319	30.81886104	32.74135799	32.21134794	30.81590792	31.57012662	31.07556582	30.8236233	32.5260676	31.55592272	31.71979652	31.01131056	31.15761445	32.38678334	32.03957593	31.56166619	32.20619954	32.3947178	32.15037758	32.67303678	32.553198	32.4874665	31.86239109	32.03148632	31.9406929
C00408	21.75101493	23.459843	23.50204091	22.76542597	22.81746881	23.05537655	22.48897544	22.19830513	23.17049851	22.90579286	21.97149082	22.62943784	21.95545836	21.68481484	22.36409962	22.98461104	21.92438247	22.18891038	22.09496279	22.64291435	22.08800529	22.84221973	22.64974221	23.01186552	20.8293018	20.56443783	20.71845668	20.15199681	20.44084166	21.10144487	20.86844084
C02918	22.7163101	26.81644894	26.15721264	25.64681441	25.71794857	24.88397446	26.50510998	25.37832124	26.33728913	26.15809255	26.76937268	28.17929527	23.01682626	24.77437144	26.29130223	26.13744152	27.23026969	24.95631046	24.71644565	26.238982	28.55059647	26.12256076	24.97861628	26.42456064	26.46745997	26.83535671	27.03034697	27.28961941	21.1192477	21.45172607	21.39936654
C06178	23.89582121	26.94248885	26.90272784	25.46525248	25.21817439	25.96782932	25.62223011	24.70861093	26.53040441	26.24333798	24.39143359	26.68531535	24.47495008	23.76600065	27.20654464	25.84729778	25.9162816	24.00675618	24.421708	26.62384828	25.92119803	25.11133555	26.31014905	26.64182229	27.2801607	27.20599494	27.61577405	27.28071468	27.00133184	26.9914147	27.21131207
C01250	18.90749175	20.75302763	21.374945	20.79536959	20.47746903	20.64523314	19.02064794	18.01821973	19.37412871	21.5188103	18.79679783	21.05988878	18.49368668	17.13813542	24.31540772	21.45156199	19.47320526	20.07725651	19.11758982	22.6606818	20.21531041	20.90606349	22.34894219	21.31135224	20.33519351	21.54562847	21.61000624	21.25226241	19.64262069	18.83426486	17.58864054
C02220	19.8466587	20.90163115	19.93089538	20.33311905	20.23682889	23.89312423	20.62781132	19.7595256	24.0347403	23.28365348	19.84907486	19.33738231	19.25966546	20.02268183	23.4645637	22.67071072	19.91668418	18.79903065	20.83968325	24.17864379	19.25271096	20.85762772	23.98240236	21.80655547	19.99100243	21.7570045	21.32691435	21.1388027	23.51592504	24.09610543	23.49783463
C00881	21.78299591	23.36353364	22.82730701	21.16492517	20.42851696	22.07598857	21.41770584	19.55618657	21.83366705	23.86771147	20.38528903	18.07894934	20.18529118	19.45362093	19.81845227	20.57484573	21.89896495	19.2129426	19.52383896	23.86275826	23.13564856	18.1908215	23.31605239	21.03682031	21.49758502	20.65389157	22.2274327	21.36701921	24.54786116	23.56813968	24.8530197
C00673	9.965784285	9.965784285	19.9208401	19.46909861	18.29641271	18.12453957	25.18091434	17.79480533	18.50837041	20.15484572	19.21154461	20.7813443	17.39070637	16.809524	19.87419651	21.56885223	19.71628885	18.70604678	17.77506854	20.7635194	19.56416604	21.63118349	19.76341346	19.24587536	21.55545979	21.96065747	21.70499569	21.79186904	20.49608195	20.92033572	21.15727075
C02630	24.49158124	25.76142139	24.6600696	25.74900218	26.11759187	25.28846436	23.94047874	23.63754901	31.20537038	27.04885228	25.1318386	27.15746551	23.80016563	22.9009289	29.58390647	26.21074283	26.43226491	26.54143308	24.84846865	27.66728011	26.43682934	25.00073132	28.18591143	26.23756976	26.79459467	27.468163	27.17158017	27.09520704	27.28905476	27.36809088	27.32830384
C01180	18.99950169	9.965784285	17.77732317	17.76665369	9.965784285	16.04857691	18.05416361	18.41251503	22.04909778	16.40970311	19.95414841	17.54841518	19.62448917	17.19614981	17.30531889	19.7951171	18.92272677	17.67469709	19.60717305	15.48251984	19.82581988	19.54575337	18.29799798	9.965784285	19.78602045	18.12524289	19.31092164	17.72778582	19.11807489	19.02890961	19.9377486
C00026	23.48142861	24.6003195	24.36828866	24.91229571	24.9165075	20.95518418	22.90612251	23.54686946	24.00068876	22.56563717	23.75590691	22.87309277	24.71568098	21.66718203	21.40238651	23.90036935	22.94861989	24.2015864	24.4126866	22.37348411	22.58313176	24.11270593	22.8636929	21.59229111	23.4059152	24.67399832	24.95538731	24.87496526	25.19054889	23.95377069	23.56643295
C00632	19.20403898	22.4008373	21.88255211	22.43661841	21.20009825	22.16091866	22.11488033	20.54969313	22.14945283	22.06797344	20.76761652	21.22469624	21.48490749	21.95263229	22.4975974	22.13607576	21.57131193	20.30599331	20.17337247	22.40285264	21.49319471	21.1781762	22.38628677	23.67631397	21.21254911	22.21302581	22.20620303	22.30666029	20.86157448	21.50821148	21.8508749
C01259	24.78100168	26.96034403	27.09471941	25.05942795	25.70513896	25.5781906	25.11136646	23.59134531	24.4936296	25.99699972	23.17451723	25.57248939	22.70468468	21.91194305	27.53187215	25.14567996	24.57749726	22.81769512	23.6005088	25.19949527	24.75971474	24.33764138	25.59124143	25.48202063	22.06425098	23.42299201	22.71213716	22.74189485	22.96242828	23.65061798	24.19539499
C05394	23.6155615	24.66192705	21.59333896	24.69009562	21.085612	20.9598452	23.3892146	20.5564716	22.51667641	22.77663756	20.64775571	22.46448351	22.03451047	20.67272462	20.15301272	21.04321213	20.30714457	20.76913376	21.06197582	21.54449751	20.94778917	22.90678202	20.14319302	22.52647129	21.36233384	22.51833887	22.71247864	22.45398892	21.06446465	20.65617971	20.46077979
C00141	23.53945237	23.8344631	22.48344461	23.81422765	22.40725838	21.07006277	21.80010449	21.74954617	21.95816413	21.48667933	20.75226275	20.86316645	23.806218	20.29595517	20.21999698	22.14951196	21.58731383	21.97991186	22.92436384	20.97427547	20.83571723	23.11555127	21.50885099	20.06847467	24.23832128	23.34893862	23.376486	22.83338895	24.68430695	24.60782146	24.86831714
C03465	26.47835412	27.21291148	26.43403879	27.48099103	26.08606208	24.91254902	25.42999316	26.35390921	24.88828779	26.24031059	25.25309106	25.39750377	27.11056565	24.96014933	23.18993968	25.79114429	26.19078912	25.86757567	27.26907738	24.88849346	25.17747295	27.05184684	25.54242576	22.70882866	28.78303056	27.80074398	27.63100954	27.61758824	28.69420312	28.47890256	28.45948564
C05100	29.20213986	30.92401338	30.99356385	30.17168814	30.30463674	30.47862283	29.97018042	29.54310968	30.54796385	30.42484886	29.46863157	30.07725307	29.41100835	29.12562578	29.91574739	30.35446532	29.44473472	29.5758305	29.49336687	30.15332256	29.63258157	30.27482746	30.16336086	30.46593613	28.38066451	28.28832808	28.52710635	28.15198492	28.03100168	28.69524938	28.4710999
C00156	22.61926159	27.57819819	24.5471525	22.72598905	21.59207414	22.41271654	21.1500027	22.70375888	22.05973536	23.5583444	21.37489607	22.03705742	26.2043173	26.01820184	22.28377268	24.25184442	22.30240527	22.42622595	22.49567525	21.79201148	22.14854905	22.7369565	26.92837985	23.68917763	22.95521816	22.69520603	22.90712645	22.97431463	21.66588988	21.86497177	23.22218223
C00642	23.40023043	23.44530896	22.98807341	23.6493169	22.52577439	22.49157025	22.85226461	22.69961425	23.10105528	26.98709854	22.31343155	22.25461794	31.97425484	27.57408914	23.69155179	27.44471318	22.53593755	22.53630818	22.69250508	21.51154615	22.6008739	22.62801228	30.63367082	25.67885043	21.83741734	21.9495976	22.29181477	22.60867605	21.84070322	22.38286484	22.79946592
C03680	19.51491589	23.84194426	20.32244505	19.44281818	19.02732915	20.0254714	19.010843	19.05681026	22.64498079	21.15004062	14.37131014	19.59973626	18.60636073	17.55396986	22.72396925	19.45107199	19.40882081	18.24509845	19.27350439	18.8542663	18.63982541	19.08784309	19.34237309	18.31841265	19.68296145	20.54298408	21.68891758	21.34855831	22.45134561	22.63830861	22.56821082
C00847	26.20029628	20.75426493	19.71346737	21.60056549	19.75960397	19.98979279	19.05383841	21.21537222	19.2910568	19.0247979	19.46701029	19.42145841	20.46663394	18.21817901	18.83157642	19.04014135	19.52471415	19.80372473	20.68932619	20.58517229	20.03191908	21.04778375	18.73499952	20.02838879	21.86825406	21.91803334	22.09391798	21.52430178	21.26241782	21.09694414	21.39599819
C00906	25.44481693	28.00447728	27.59305744	25.0831052	25.00303857	25.75342684	25.8379281	25.59427293	28.09688583	25.97537085	24.1610263	25.38690098	26.61905391	25.44491129	26.17292141	27.29468605	26.35344372	27.60120648	27.13879878	25.33793227	25.51012188	24.93633828	26.82982818	25.29418988	22.58644565	22.83672644	23.08872637	22.45592373	23.12591183	23.16504515	22.9420726
C00429	19.72200622	19.70723494	18.87631888	18.61904546	18.72854007	20.15306155	19.23695924	18.55213415	21.6884446	18.81884575	18.43905359	19.69072584	18.85720854	18.22137553	22.24118698	19.98564694	19.99421853	18.40184489	18.72847447	21.41319718	20.84635534	19.16757235	19.24757079	18.94136647	21.76622946	22.64417476	22.64063511	21.83313259	22.5881249	23.0408638	22.98668258
C05635	20.67807788	24.69720609	22.7147535	21.22920204	22.74426011	23.59822756	22.53814968	22.38751509	24.73509556	23.44670026	23.36094078	26.86376168	21.19026303	20.94568523	27.14385236	25.76357148	24.29377419	22.79305382	22.32005663	24.92358423	26.46885951	22.26212727	23.29234058	25.83139888	26.0050401	25.7081387	25.5713771	25.42464371	20.9852945	20.97016404	20.74158761
C05660	21.18569268	23.26902724	21.38476749	22.5859495	20.99834861	23.00034381	21.80067381	21.14862581	22.61428978	23.20423188	19.49689428	22.90252563	20.92640521	19.24689454	21.82722724	21.93162436	21.84859206	19.74501785	22.03438776	22.60920489	21.65608275	22.09213898	20.92098186	21.13952186	24.80417571	24.04634044	23.91994449	23.68953581	23.29283919	23.3208679	23.66517661
C00170	19.8701534	24.75330813	24.74795894	23.03130772	23.47303016	24.18573622	24.2306511	23.00679256	25.60286731	25.16748978	22.82848831	24.78056681	20.60338074	21.12512061	25.61499708	24.21589136	25.12605729	23.0002808	23.06967783	24.84331936	25.65156869	22.63331652	25.05344144	22.69895087	24.57779468	25.69624946	26.65510739	26.32139868	25.26299243	25.17966282	26.09793453
C01879	27.27675592	27.68137835	27.97358801	27.53565128	26.78770568	27.96054925	27.51757099	26.58206913	27.36555804	30.27565682	25.43121351	28.48760293	28.23283556	26.60220914	29.30305864	28.16702995	27.50406135	25.51981252	25.98339852	28.80055588	27.15750755	26.73994095	28.9029495	31.2907713	26.328891	27.14301986	27.40464439	27.43124143	27.12485688	27.38745809	27.44690892
C00345	19.85201435	28.8240774	23.81265879	24.09885025	23.75227558	23.11071293	22.09590307	20.15304213	22.49920287	26.70799071	21.67721617	23.12368087	19.45812707	19.82204103	24.39906949	23.64560117	23.08332993	21.61229813	20.08195588	22.04269953	22.71365336	22.49566713	23.21227866	27.28891693	23.32324354	24.88696101	25.0177473	25.01844838	23.25665026	24.69280207	23.19355019
C03242	25.21187959	25.02745393	26.78937447	25.78041671	24.69358919	28.08367224	26.63910841	25.83463445	25.55598409	27.10880468	26.30533299	28.54966484	25.08848204	26.95283931	29.39739894	26.87096884	26.59786533	26.0303706	24.98463843	28.14936924	25.71457682	25.4267395	28.70321745	28.67389473	27.43022257	26.98627203	26.12391421	26.44078138	30.10537234	28.24578888	28.87331792
C14825	26.30566648	24.78888045	23.97404139	25.68464432	24.08239186	24.0967934	23.53914597	23.91258138	23.66077248	23.67069646	24.02373083	24.72224202	25.49120075	23.46660489	23.01610254	24.01646252	23.32787152	24.44643634	23.5044564	22.75101549	22.61687025	23.9197486	22.91756819	25.29796598	23.59047393	22.91132252	22.64102331	24.25121216	23.86795425	23.8560555	24.62271258
C14828	23.43801691	24.72125405	23.61305042	23.79667392	22.7853293	22.50230539	22.2699563	21.89624668	21.44157221	22.69319499	20.61776273	21.24661266	24.22698437	20.97690552	20.15161941	22.59566709	21.32339483	22.19783517	21.84877165	19.46437955	21.25778064	22.34039253	21.20319487	22.43117809	22.30552153	22.38989154	22.37762499	24.26474892	22.47187089	22.01439732	23.57355908
C18170	29.57980655	31.04599973	30.17537653	29.95385844	29.90296228	30.19688829	30.07962029	29.37359583	31.27027851	30.49460612	29.29622345	31.45785332	28.80370528	28.56032123	30.97558737	30.2274665	30.71861361	29.18588088	29.78975799	30.8535047	30.92282398	29.65366565	31.34601476	30.34716032	31.22459234	31.37483166	31.65505387	31.58326198	31.77751243	31.88343514	31.8130314
C01996	27.41368129	28.51265553	28.71867837	28.05253263	28.00198069	28.10165397	28.29080561	26.87766593	29.2908265	28.57245129	28.01480791	28.82636168	26.55793585	26.4825402	29.2646483	29.39713945	28.35996999	27.98765361	27.48994599	28.93083316	28.70506273	27.73519771	27.99350558	29.0985423	28.67026394	29.08304574	28.29901439	28.51457883	27.82794689	27.48621189	27.59348446
C00147	24.78007179	26.96540427	27.27675477	26.27234007	25.67394649	27.90616746	25.94532436	24.29383459	27.53177536	25.91924611	24.66515072	25.31279568	27.33986503	24.85021543	28.00232184	24.966305	25.21211772	24.44140599	26.24391366	27.68991111	25.90503026	27.0024801	28.0612685	24.29634008	26.11679178	26.61851399	26.14867344	26.43106717	26.98207622	27.03253873	26.87673119
C00212	28.30332422	30.24526547	30.39794688	29.13818455	28.04189148	30.62557394	28.13270746	25.00235336	29.10270726	26.77619314	25.41857211	26.06874412	29.73187633	28.10020383	28.35486662	27.39166845	26.80384028	25.97983214	29.90454578	27.59550238	27.95126822	30.72983689	30.35985006	25.65531822	29.35703872	27.61792631	25.94394188	25.66482119	27.47732078	27.95736293	27.88889465
C06104	22.32381645	22.02578034	22.01956226	21.60583683	21.08685527	20.7795042	20.97407046	20.15014501	20.62686394	20.65197597	20.67225459	20.75468412	21.81284477	20.29736232	20.29458705	21.19000032	20.47179272	21.56461355	20.7816311	19.51803002	19.94788425	21.04293133	20.87003759	22.93487501	20.11475155	20.52893613	19.93174959	20.58111337	20.53804561	21.25671229	20.86824769
C00008	22.08452844	28.61737787	27.90032958	27.77461307	28.18275354	27.62443723	26.53958473	24.84057769	27.02137108	28.09107365	26.26119815	25.499111	22.42739498	21.6067558	27.08709596	28.59015806	27.70181113	26.47780064	25.92553222	27.49181928	27.36793712	26.32933104	28.40268954	25.6602822	28.07919628	29.06393791	29.07291259	28.73135211	27.17225141	27.92764635	28.8347064
C06192	17.28974044	22.50592171	21.38893613	20.86752299	21.7240933	21.81511841	19.90851094	18.93481279	21.41394027	22.74161995	20.32249032	22.28596271	18.58853048	18.20010887	23.73465546	23.0999077	21.60736316	20.7803567	20.07135523	23.21206697	21.90246048	21.61056263	23.10770744	23.41170895	22.21638525	22.78442338	22.95854043	22.78680615	23.14480444	22.81254549	22.48471339
C00301	20.68431278	20.03832075	22.42846536	23.41457161	21.41066021	22.6773272	21.71248971	20.10846812	22.45957638	20.76371992	21.27733593	23.37925831	21.17237073	22.22881945	26.02613352	25.11000601	21.78296251	22.44631105	22.79688086	22.54892524	23.66879776	24.78778382	24.39480337	20.0557292	23.1437633	23.09171601	22.23575301	21.83445604	23.52403232	23.35306663	22.68231652
C00788	19.38267154	23.33440199	18.4081505	19.47346561	21.29265387	20.15854482	20.17999831	17.86846726	21.07045993	18.21618245	16.39701202	18.96198517	13.93518458	15.78180964	19.33348364	18.72831704	19.48544694	16.38675628	17.96869369	20.65830419	20.90038908	19.59580039	17.22228423	19.42903107	23.98721773	25.56216187	26.08576955	25.33392387	21.99702898	23.33017675	24.26764566
C00267	29.11177207	26.68691204	27.18842025	27.62068582	27.47345455	27.57710425	26.51924599	27.00557758	27.37919636	25.26460255	25.53181504	25.24003768	28.31184777	27.41731305	23.97393432	27.26274055	23.99875555	27.35195269	28.07722679	23.47315475	24.54009676	28.024318	24.82676883	27.1534104	24.07393885	25.18648823	25.58952847	25.14468587	24.99348735	25.90404808	25.18211329
C00020	25.74968933	29.03932701	30.24046656	28.37666438	27.86172169	28.70119662	28.31674785	25.85376809	27.60010611	30.37493658	27.52560212	27.32299454	24.86733018	24.42351246	30.43262392	29.45071479	28.48433052	27.62546098	27.23422801	30.78761862	28.43732694	29.24631604	30.50276312	27.47506679	29.55534328	30.6346353	30.23587155	29.69326857	30.9397681	31.34238942	30.66452124
C00108	21.20070267	23.87810855	23.1035115	23.8806397	23.88883539	23.95210253	23.27260128	21.90335791	24.26892503	23.15498186	22.88047568	23.86552672	22.61088907	21.69054096	23.67812862	23.85646982	23.79978747	22.39778211	22.68583959	23.59963347	24.06502387	23.41042829	23.88512174	24.14086411	23.46061337	23.15610083	23.89469337	23.77673092	22.91294721	23.2035656	23.73482946
C00219	27.2348632	27.29950621	29.45464943	28.86118047	27.47520086	30.52843178	29.70946319	27.92360238	29.29757465	29.2480243	28.49090837	29.64443987	27.05936763	28.56799516	30.99914238	29.86081225	28.56159176	27.83068303	27.15282039	30.09323509	29.84895928	28.41256798	29.76566505	31.19132649	29.60951215	28.82860366	28.37860918	28.64056883	31.39956225	30.87303932	30.88522309
C00062	24.5491158	27.88689428	27.65335783	26.11969004	26.2074156	26.87924852	26.80577115	25.33530179	27.52840275	27.24870121	25.24721167	27.88367237	25.68562554	24.96234685	28.14796904	26.5936284	26.76764799	24.65969174	25.41873625	27.61598218	26.86556979	25.72777292	27.37747057	27.96973872	26.54208259	28.16026853	28.44949071	28.36907125	25.86597457	27.00941186	26.0817679
C00049	25.44967285	28.82821516	28.4338847	27.58430954	28.04600443	28.46330105	28.21658974	26.68386434	28.77235171	29.06509018	27.82508318	27.49343077	26.01023423	27.29134284	29.31326551	29.47467813	27.97039142	26.96799877	26.82890931	27.48142432	27.60068761	28.28488592	28.95710238	29.86348507	26.68182811	27.27162832	28.20261868	28.26143194	28.00987749	28.18048441	28.04472691
C00002	20.29354833	27.83403737	24.69642191	26.38742643	27.14903498	25.55192265	24.38241553	24.03786831	25.39631116	24.75579433	25.63561366	22.64716472	20.29051023	19.07229293	23.37964384	26.59726954	25.8978241	24.89560145	24.31984985	23.69375273	24.88741854	23.95813287	25.0576713	22.59734758	25.90142101	25.96716666	25.82315783	25.86397095	21.41464383	22.02861618	22.90174797
C08261	28.02418021	29.56684786	28.26290412	27.79378044	26.36849642	26.79073532	23.52964572	23.02823279	23.54353477	23.35209673	23.5948913	22.85448961	27.11654435	23.98732949	24.57985501	24.750719	23.21917541	24.26072856	23.40251509	22.15304099	22.79651818	23.52957612	23.71366948	24.52114351	26.23808259	26.23422629	26.49777691	28.59757421	26.6283942	25.77216385	27.45977239
C00180	22.88306223	25.66062777	25.02844134	24.08916915	24.55926809	25.45500701	24.59993445	24.33098737	25.22023877	25.14681923	24.05702539	25.62611502	24.18851009	23.34440737	25.42352457	24.56668792	25.12910333	23.97281745	23.5911505	25.61668079	24.98071184	24.06903122	25.03210961	25.5449889	25.58159813	25.42697158	25.23130323	25.33094187	25.34451717	25.32225876	25.380542
C05378	20.49296188	25.91034583	23.85764745	24.18272586	23.28354809	24.22993352	22.8883987	20.59330227	22.28610413	25.81841718	22.37550508	25.8344339	21.32041715	21.53945999	27.40400819	26.58155799	24.64531501	23.335587	21.68439497	25.53902571	24.40528872	23.23093496	25.04512666	28.69964677	24.82146587	26.78785894	26.58907968	26.99229358	24.82172025	25.55229126	24.94762527
C00486	21.95964459	23.05089977	23.38369939	23.96034406	23.59245204	25.04786021	24.40739485	25.04033864	24.96086823	23.73911672	23.4703635	23.93242612	22.97729387	21.82866652	23.45328995	24.31540168	23.93201525	24.4987157	24.33747383	24.113983	24.37839452	24.82429673	22.6240159	23.5326234	24.38283877	22.31072395	22.54562991	21.79058479	22.14189467	22.8270878	22.86316068
C00120	19.33427208	22.84809957	21.93639711	22.45280885	22.11634821	22.91305747	23.47706138	21.45199199	22.79490218	23.33543033	20.50873448	19.57330509	21.33264852	20.36764344	19.5087752	21.12973678	21.73426041	20.61518475	21.19877701	22.73890872	23.78701531	20.29592613	23.14182164	22.52278026	21.90957732	22.6272739	22.92383746	22.6108276	24.67307376	24.77752981	25.14777696
C02862	26.84658514	33.58683644	32.01468853	31.53773235	31.8183419	30.55982202	28.96169554	27.85033012	32.24056652	32.84926606	28.65287316	30.36583997	25.7894374	27.27542225	31.52991909	29.94151797	30.60933276	29.11601078	28.06200708	31.38058885	30.48849957	29.66856515	30.8636181	31.33013462	31.78349096	32.71179962	32.7120011	32.77710444	31.43659374	31.03967893	30.52333529
C01571	25.63535843	26.85199033	25.70918625	25.75187699	25.78458077	25.49371874	25.48934803	25.74302968	25.96171924	26.44274124	25.47359949	26.05531042	26.01094425	24.75790482	24.86235521	25.61695206	26.38475067	25.31870963	25.58628661	24.84617918	25.39138649	25.78979089	25.38071655	25.53504304	27.21635447	24.65028524	24.69817336	24.96184121	25.73074021	25.70746263	26.34502686
C00386	19.79542035	21.79720034	22.99085949	22.86688874	22.79737367	23.35195071	25.04034166	21.01044374	20.70597649	22.87285228	21.82751925	22.20263347	19.44681473	21.96645528	24.08902792	24.47009487	21.47560281	20.97170215	22.64097082	19.86353538	22.96239634	22.58884194	21.93881204	24.12040247	22.46525423	25.17253016	23.03763522	24.44451553	23.5312227	23.81828133	21.96132878
C00112	15.86931859	22.18253075	21.4560681	22.16616943	21.83256948	21.17465302	19.98117171	18.41212251	18.43053152	22.71428258	20.35827021	20.5236133	18.6051141	15.93367185	19.59674785	22.55730172	21.21218625	21.73229658	20.46936943	19.9335066	20.86346192	21.9104513	21.82850335	19.58486896	22.78812559	22.99186431	23.8125724	23.53321956	24.5978285	25.92523196	26.29043422
C00307	19.09539031	26.7580548	26.07040319	24.20400939	25.03454153	25.58603439	24.79096736	22.79795887	26.73448878	25.43842394	24.87588611	27.65570969	21.81037301	21.89210385	27.09671887	25.2701654	26.78405964	23.81482016	24.45845602	27.6039883	26.77441329	23.87348616	26.73722668	25.39268795	26.47955102	26.96855297	26.99964404	27.01135315	28.16777063	29.55332718	29.74497412
C00570	20.7497632	24.26837163	24.29744775	23.63798604	23.75289989	23.6615581	23.42000307	22.10907421	24.33962971	23.53893758	23.12871999	25.02463663	21.8366531	21.42746839	24.58522025	24.43884811	24.6017469	22.93810742	22.67119924	24.93504501	24.24989619	22.95698904	25.35397129	23.84029715	24.71672294	24.96775893	24.85642097	24.92120428	25.378864	25.78150179	25.92205088
C18043	17.06001723	21.46054443	20.43833627	20.91461086	20.30154418	19.78878209	14.40069142	20.79841139	18.07136097	18.44821144	19.71474275	21.91440246	20.41505959	20.10131528	19.11858457	18.99903695	18.82103776	21.26506092	19.35069105	14.95270676	9.965784285	25.73506912	19.48943156	23.37257084	21.60940281	18.80424081	17.90824808	21.78106862	17.62080788	18.5570687	17.10906099
C00114	31.26695883	32.72973717	32.11311222	32.29979908	32.3931682	33.15915364	32.66354655	32.1486415	32.565583	32.36187986	32.39152599	33.16381806	31.47059869	31.71462059	32.80364815	33.03600322	32.55632407	31.74234086	31.62197257	33.57632005	32.54629759	32.37973756	33.07781921	33.37214383	32.19669673	32.37695109	32.70390198	32.88670836	33.08973148	32.69995611	32.8287462
C00588	28.25335231	32.84325619	32.28707195	32.01334381	32.51885396	32.32204093	31.71466582	29.85865526	30.75910359	33.01704576	30.51011167	31.94828968	29.58528757	28.81924761	33.19548114	31.96048455	31.11508887	30.70598409	30.15347388	33.00013446	30.88847065	30.54449562	33.0625792	32.46756422	32.17745363	33.06344798	32.87939835	32.94257105	33.54661928	33.61636007	33.50018986
C00417	23.50796276	25.32990165	24.8772629	25.19345757	25.07387452	25.02876579	24.64706137	23.98286848	26.43204745	24.50623591	24.76626762	24.98658057	24.65186876	23.30024401	25.37784019	27.04102869	25.85333023	24.28269752	24.59565235	24.57553868	25.62590771	26.42472771	25.02910808	25.81687096	25.45688218	25.54909456	25.73208048	25.6378221	25.22614306	25.41173501	25.67161355
C00158	28.89054833	31.46991115	30.97208311	31.11741585	31.2133753	30.96616511	30.8373822	30.00030579	30.78095551	30.94965539	30.24401503	30.7532019	30.62635822	29.61877874	31.35533767	31.22946787	31.20619489	30.43016226	30.29950839	31.21358607	31.13602172	31.09893874	31.25479115	31.48627537	31.47375637	31.84519876	31.90375095	31.83035021	31.56851185	31.68519256	31.61444991
C16513	25.15884634	23.82654062	24.50554394	25.24796948	23.88475924	26.47420921	25.21262673	25.79748963	24.26557008	26.50693335	26.09076377	27.27629587	24.46483054	26.27225897	27.76005031	26.54223921	25.14824456	25.98238984	24.31366048	27.56436231	24.56926085	24.57164598	26.30507829	27.37761309	25.84831802	25.2636966	24.9712325	25.04675127	28.08407645	26.9954191	27.50953069
C00055	21.45140705	24.16306862	24.22581615	23.57073545	22.99553774	24.11506168	24.0395906	21.44383069	23.33888857	26.11655616	22.05425408	24.04914216	24.25912346	23.25832893	24.40859268	23.89764175	23.86624667	23.18424516	22.59177089	24.14630261	24.21360058	24.41799254	24.74594168	24.425516	23.82486691	24.32694811	24.40261068	24.02581777	25.98350921	26.82760826	26.42324674
C05673	13.79849205	19.9849384	20.18791537	18.82512015	18.76784061	19.30425176	18.49686043	17.51046323	19.86890286	21.91275251	18.16485271	21.09156341	15.88543211	16.58974327	22.25375337	20.40670002	20.39931479	18.9229342	17.90237324	22.78816184	19.78042163	18.42317544	21.2394167	20.01484448	20.10760376	20.66412906	20.96852062	20.99223604	22.63511488	20.67869611	19.8947148
C05674	15.14690326	21.11499914	20.34133513	18.66689358	18.85984325	20.55019008	19.48452438	17.60143523	21.24725167	22.56346924	19.81198438	22.48250091	17.50250957	17.78606119	23.24786143	20.52728893	21.70098253	19.21040853	19.06719177	23.4372355	21.1208253	18.48424777	21.86574451	20.15607386	21.79310649	22.30027614	22.91230151	22.88900461	25.46316323	25.60926912	25.40231832
C00010	9.965784285	20.51682537	19.32026599	17.28984762	19.46453044	16.51777135	15.67659986	9.965784285	9.965784285	20.71252876	9.965784285	19.54523734	9.965784285	9.965784285	22.61866103	14.09229433	18.28584398	13.72557502	9.965784285	21.85331227	14.37569382	15.41967964	21.12352839	19.67491641	20.58740318	22.38841792	22.52506503	22.2638677	22.03612657	22.28722617	19.12539707
C05851	21.99568089	24.77695101	24.06807441	23.12054104	23.63629647	24.54722138	23.62434918	23.41752936	24.28746888	24.2344459	23.10158221	24.70642952	23.20531433	22.41827027	24.5173313	23.64114788	24.21891692	23.07277352	22.61656382	24.69046649	24.01498609	23.13124075	24.1123374	24.58762296	24.69771481	24.45447068	24.36957468	24.38426837	24.39628441	24.35780393	24.4340593
C00300	29.40583328	31.72368189	32.9176257	31.82040379	31.97735523	31.63866389	31.73983617	30.7409338	31.85901556	32.02304141	30.32595969	31.33437281	29.78403427	30.34035133	33.29376579	30.81557703	31.34617196	30.56894294	30.19090328	32.19679889	31.26515341	30.75364757	31.81795454	31.41541438	31.94184267	32.86645514	32.67659374	32.76179405	33.27129716	33.41817463	33.23449404
C00791	33.2050083	32.01865368	31.62907479	31.73107832	31.91420039	31.93134321	31.92558479	31.54632442	32.42385826	31.6790655	31.35147368	31.70623019	30.8460701	30.65884812	32.01210569	32.1557893	31.99172203	31.39460206	32.16703196	31.92992367	32.01271657	31.37301316	31.89483741	31.67898299	29.19407353	30.10795366	30.14665209	29.86290611	30.00619319	30.03190153	29.81029946
C00063	14.54943695	21.48129871	17.58095519	20.15459617	21.19755915	17.96002334	16.05446632	17.46193111	15.97172307	16.5343507	18.35964422	14.22396149	9.965784285	9.965784285	9.965784285	19.85432216	18.58779747	18.62660066	17.49797607	9.965784285	17.04161184	16.94975517	14.75604514	9.965784285	19.84617533	18.73882291	20.17057327	20.23030662	9.965784285	9.965784285	9.965784285
C00491	22.61407417	9.965784285	18.77109846	14.31530505	19.87157034	21.67851942	9.965784285	21.52092582	22.38683313	22.9657119	20.70992624	17.13549768	23.36153171	22.4823305	21.43824889	20.80344505	21.15040398	20.77705493	21.78770595	22.19265814	19.15617047	19.48100994	19.7040487	24.92049124	20.71785498	17.54875684	16.27704817	17.23535536	16.90077978	15.90858997	14.29337048
C00475	22.88310359	26.45122522	25.46481008	26.1960346	25.48117283	26.39934732	26.71842571	24.96692022	25.76511213	27.33911242	24.25737806	23.44644806	25.39644613	24.21936163	22.46527928	24.72097449	24.89791731	24.57582375	24.59876444	26.16794563	26.89781687	24.04068077	26.93228174	26.22664633	25.11786015	25.93377629	26.22742774	26.37056429	28.49701223	28.57422316	28.965794
C00380	25.26846459	26.88024316	26.29377667	24.88901588	24.47456816	25.6259483	24.79323621	23.5318898	25.18758038	27.20208797	23.74228636	22.98073488	25.92386071	23.4727549	24.19266291	24.57891535	25.33310029	23.29651971	23.51640825	26.9354274	26.43850675	22.89615813	26.42983914	24.44540894	25.68090206	25.1452549	26.41426469	25.58776807	28.20161277	27.29000572	28.48498777
C05512	15.71652313	21.3811535	20.13501181	18.6918082	18.67430347	21.59122073	20.15302966	18.11856023	21.29596987	24.53289526	20.72749242	22.72273203	19.53257172	20.8310159	25.45387051	23.14585072	23.54270112	20.92129616	18.75660681	24.81478836	21.9983403	21.33442309	23.99959512	22.75371522	19.99939834	20.89204948	22.06312081	22.62946203	19.92276068	21.70764375	21.70094725
C00279	20.70532489	23.29035209	23.47920479	27.37607333	21.95473864	21.30976562	26.81172406	20.31393082	25.22479366	23.3348444	21.12510033	26.48920831	19.54793426	19.88188636	22.14329685	21.63110654	22.08483773	20.02277016	19.72001446	20.58293087	21.80444724	24.7555671	20.66041872	25.35451668	20.8480886	22.55875821	22.03065862	22.18084143	21.13757165	22.33845858	21.07033055
C00352	19.45955314	23.69247458	22.4029848	22.21344858	22.52446984	22.10424686	22.93763979	22.2198624	24.08041149	23.40333938	22.24862635	23.78919484	20.17204841	20.4168739	24.35389562	24.29648108	23.92599982	21.39593155	20.66583985	24.30287772	22.99781217	21.91963188	23.3889554	24.46672355	23.16640792	24.0813258	24.19932051	24.19533794	23.50164566	23.27365763	23.52087923
C05385	17.55781544	21.96286625	21.59624028	22.3260086	22.06075348	22.42758638	22.30664105	20.4213996	21.8976149	22.8050645	20.34335786	21.88105942	19.7964469	21.68587908	21.41495405	21.36089575	21.18476394	20.56328119	19.77972605	22.84631594	22.17322566	20.4429327	21.8860624	25.49859029	21.18897107	21.65930088	23.07472891	23.22627404	22.37734568	22.4436318	22.77031814
C00258	24.10882097	25.03196716	23.4122255	23.69727548	22.60250053	24.85083408	25.87336547	23.9114557	24.75119759	25.47628425	22.88555146	24.18843697	23.99392833	22.21525423	24.72394054	24.45202489	24.02286309	22.47271644	23.0060314	24.34022613	23.64403528	24.90421582	22.52610421	25.49024733	23.41463047	23.49332224	23.23352444	23.45377465	25.44119403	24.05517351	24.77562515
C00197	20.58586509	27.80883019	25.85573406	25.46499361	24.97610274	25.72782236	25.53603349	23.37812795	24.65102105	25.78935323	23.89159203	25.79550568	22.55959489	25.15239427	24.67130998	25.81805343	26.17150075	23.25122055	22.80545789	24.1645027	25.53533241	23.16302588	24.54862669	26.52206463	24.34891092	26.03175746	25.70636215	26.21665287	25.6986359	26.16957665	25.9436141
C00111	18.97601211	24.35563043	22.98494241	23.62629131	22.91875268	22.20129649	23.25653342	21.27545941	23.24579242	22.37529495	21.96318664	23.75073223	20.91222023	19.96613389	23.32452065	23.71701575	23.19124989	21.38027794	21.22799428	22.36235638	24.16304345	22.07089499	23.55996715	23.80230527	23.51465322	24.28182817	24.10531923	24.27999873	23.28155826	23.65144379	23.43132144
C00013	22.77003961	26.79015331	27.86451989	26.55908182	25.61412163	26.80316756	26.53544649	24.98083884	27.12014282	27.91860794	25.73204948	28.61378004	24.52299311	24.20435051	29.14453825	27.93426821	27.01875757	24.59659054	25.05199174	28.96446945	27.45428907	27.30118164	28.38976025	28.08651913	27.12768215	27.85241446	27.77671896	27.79806653	28.93114655	28.68061866	28.6579243
C06429	25.28786096	24.82276408	25.38218221	26.81508461	25.30183603	27.5290885	25.46691286	26.2339128	25.57876098	25.77772985	25.94095582	26.66428397	25.85187902	26.22410466	27.30554555	26.32520361	24.82362635	26.33074497	24.9107961	28.75335076	26.0721392	25.50638294	25.50146103	27.78162911	27.96479896	26.6741737	26.47456759	26.68940628	28.89649138	28.07862957	28.15745945
C02678	22.39388778	23.66864096	22.52624312	22.24495205	21.5063901	21.30089693	19.95459519	19.05259535	20.19648973	19.80530667	19.77635522	20.4744218	20.94025855	19.69114941	19.67414507	20.0469851	19.35949185	19.49642232	19.27882259	18.95489708	19.66177589	19.96346951	19.63568524	19.94482472	21.59524698	21.54332772	21.25826561	22.7759525	20.98198777	21.18261657	22.48804278
C01346	14.80993896	21.83335816	19.83789922	19.96722745	20.38566128	21.76959068	19.19542701	17.26175498	19.63346843	20.07853794	19.01176643	19.51486035	17.93378276	16.97954688	18.71239643	21.55357999	20.0656408	18.40027108	18.26608117	18.98529909	19.43214945	18.71900949	19.48134602	22.12651174	21.79277991	21.85076236	21.32531352	21.07122916	21.03334997	21.59610762	21.30948213
C00365	9.965784285	16.81361155	19.12395508	17.46067483	18.65807011	20.02972659	18.67799062	16.18348653	14.82167126	22.70654247	17.37756147	19.42115744	15.05798326	17.98053319	23.3280119	20.45357634	19.51231807	18.66590869	17.88007866	21.91968606	19.58557699	18.41350659	22.03707428	20.54603474	19.93964988	21.10449872	21.65400213	21.61537721	24.89828311	24.96586526	24.3187805
C16526	25.38559416	23.65797487	23.98670042	24.42955862	23.29067718	26.29783909	23.51968027	25.84084162	25.55526501	26.73138295	26.10555762	27.82873194	25.05828923	28.08755714	26.27934441	23.98808738	25.60187374	27.94193054	24.47694766	25.03506973	22.29296525	24.50917306	25.74564293	25.98456528	25.18531979	22.91918652	23.13545872	23.38904032	27.14759626	25.25654221	26.1177927
C00016	16.21256022	21.08330088	20.064326	20.34102183	19.57986516	20.16468175	19.80000074	17.73721803	20.17798079	19.02072812	18.66439918	19.8911072	15.03993003	17.61410897	20.4227297	21.13820191	20.18772471	17.66415039	18.59043047	19.35171375	19.84851206	19.77126139	20.52379246	20.76011874	19.12883624	19.41444751	19.92648539	19.69129939	19.15809105	19.5152164	19.37534199
C00122	24.19181778	26.67075208	27.38023818	27.11894476	26.84728685	26.50955998	26.88541479	25.39557024	26.97976756	27.35731072	26.28886416	27.32197916	24.65242536	25.74461155	27.29996925	27.13685397	27.11318149	25.84631723	25.63839341	27.01687388	26.80017383	26.43321645	27.5589624	27.95745254	26.75154852	27.76763488	28.04493448	28.07372903	27.49893197	27.73133166	27.49349757
C00092	23.85247985	29.19280127	27.64599555	28.08120353	28.04788376	27.93706559	27.08399729	26.06382153	28.52293223	27.84892255	26.99776689	27.89566546	24.45776404	25.31695405	28.19030168	27.31936917	27.9762755	25.7151816	25.54749214	26.83094724	27.61851517	25.96049826	27.03380178	31.22864463	27.24957525	28.90369339	28.31718673	28.65349486	27.6092787	28.52823832	27.62747817
C05401	21.35579498	18.86304643	19.48138687	18.93719935	19.72246712	20.54658059	23.49644543	18.19249423	18.62534523	19.78729596	18.65957986	20.31115336	22.18616299	19.51434778	20.04870005	23.02798488	20.15813708	18.61552544	19.16568576	19.50231752	19.08158157	19.72280836	21.43722103	20.54598686	21.29447131	21.68881766	21.47021214	21.31805711	21.96048706	21.42245166	21.47204358
C03740	20.66574909	26.74384663	25.59022144	23.89441705	24.59886916	25.50807651	24.9515307	20.27225259	26.76957471	22.6555802	21.28068019	25.34879351	17.53386683	18.17510949	25.00404613	24.39120215	24.36963199	19.95305525	20.52373463	24.64123224	25.57344041	22.61028848	24.23363183	23.62694209	24.16096599	25.27972254	25.19576412	24.282813	22.01911666	23.25413685	23.45135882
C00035	18.84871599	23.77646883	23.58544046	23.36235056	23.42787477	23.14689046	21.71781134	21.0601323	22.08924521	24.18201114	22.10992776	22.52398096	19.41326516	18.0383355	23.95435655	24.85688607	23.05389567	22.84532059	21.81049246	23.73608278	22.58073678	23.01652097	24.63226184	22.3263882	24.21693583	24.84969955	24.88843245	24.83603873	25.41172714	25.71869297	25.58974866
C00096	17.73839513	23.16116172	22.51222481	21.76317677	22.74915063	22.73058202	20.64477192	19.120494	23.21685523	22.93773263	20.99972506	22.87917186	18.78741717	18.09995657	24.47466227	23.41028266	22.13001687	21.37145642	20.6645597	23.71053147	22.25028922	21.71175955	23.81442945	22.14118261	23.08258879	23.59605443	23.45599089	23.44074609	22.92215621	22.87245036	22.45518175
C00051	22.66694869	30.08913541	29.82674929	28.97637577	29.59864084	27.35972234	28.54551387	22.55754346	22.84716375	29.48968194	23.44156432	30.31204303	24.1365445	26.4270518	30.63168469	27.21664422	29.23771257	25.74494303	23.76995651	30.93483324	27.65699601	27.43908337	30.30860426	27.37883369	30.13277779	31.427664	31.42785526	31.35430879	30.33589832	30.21931463	27.37582142
C00093	23.72660279	27.2416039	26.92310951	27.81112477	28.45426465	27.31161652	26.74527593	26.46725009	27.00823202	27.52907994	27.58275018	27.99163662	26.35784457	27.27765096	27.96744319	27.39066866	27.3543165	26.63071098	25.91153408	29.90244974	27.98022551	26.95115549	28.52315184	27.90894249	27.82525667	28.43448312	28.31724453	28.37124329	27.57787768	26.5562755	27.02499806
C00037	24.64643465	26.53917346	27.12236795	26.1041508	25.81449719	25.89503041	25.6952548	24.84260726	24.99605723	25.59365206	24.71134842	25.45058812	24.07953831	24.75949785	25.79925956	25.20939832	25.8708423	24.21775799	24.97849004	26.09637772	25.45225526	25.11629161	25.67530635	26.45673947	25.54007048	26.02196648	26.00432651	25.88058581	25.30750461	25.4198839	25.30163061
C00719	30.76913379	31.43835895	31.73253112	30.84298505	31.03667877	31.52224585	31.70480254	30.7335248	31.30850083	31.31595964	31.39090599	32.10362686	30.03047603	30.50169314	32.87834384	32.11834363	31.62166372	31.16622575	30.9271069	32.33556706	31.79481067	31.13884003	31.32381838	31.74835927	32.13700317	32.51933536	32.16041322	31.99003477	32.58568637	32.46858509	32.28060189
C00144	20.82244906	24.90771949	26.68360629	24.54644592	24.19939138	24.88058937	24.04066016	21.61101041	24.23760188	27.24509341	24.36070193	25.8153203	22.14019193	22.70124872	28.31541625	25.7260423	24.80166463	24.11969552	23.9308695	28.10059203	24.6212377	25.86038571	27.65395109	25.67830072	26.1577592	26.81756986	26.49007336	26.14141725	28.06472324	27.65007683	27.23093817
C00127	22.88248389	26.83747049	27.29473598	25.77010719	26.30018631	26.67699847	26.41827299	26.00386727	26.10818434	25.06117381	27.00216626	26.53001043	23.6831565	24.3745809	25.71984571	28.0635244	26.98506656	26.03661243	26.05467058	25.9251727	27.27737034	26.25046273	27.13860578	23.76984413	26.5886689	26.15708083	26.62857897	26.67643819	26.73863895	26.75467232	28.2017352
C00044	15.56983333	21.62157403	18.90009545	20.78897625	21.38573161	19.73887114	18.65768507	20.14536725	20.45892347	19.56023632	20.86729421	19.10797391	13.93564179	14.21496382	17.64700035	21.4920688	20.52157319	20.27648805	19.95512853	18.64880799	19.5811392	18.92149107	19.68839031	17.26965609	20.96854666	19.62497828	20.13782546	20.36682975	9.965784285	9.965784285	15.78982277
C00242	18.1487775	21.91889549	20.70497959	20.28631362	20.58829917	21.17298792	21.1806107	19.28442282	22.07557861	21.27116529	20.79410531	22.81684797	20.36207602	18.75990611	23.12250644	22.01308309	22.40108018	19.82991562	19.87134981	23.34701453	23.03602766	20.09331933	22.36601937	21.36722244	22.33121694	22.67831601	22.66822645	22.28290687	24.3850199	23.86743681	24.26289779
C00387	24.08991261	27.40789377	28.21806114	27.80079611	26.66049742	27.94519299	27.8676458	25.53900746	28.7379905	28.95805153	26.78065932	30.05972904	26.94154332	27.2898346	29.29213732	29.08326078	27.97292511	26.21790821	25.8218913	28.07662268	28.45759659	26.98865627	28.38737876	29.10140626	25.79368528	25.56514484	24.3802733	26.16608771	23.97579326	25.28379719	25.81328811
C00800	26.64638348	26.98437533	26.15834532	25.42944819	25.47168073	26.07252971	24.97210309	24.17823611	26.16748874	28.56949475	25.42588226	26.78205278	24.2541783	25.37831589	26.02279619	26.50560543	25.92546976	25.59090896	25.15979393	27.9427441	25.88522973	25.72658215	25.8798022	26.75535387	28.1577126	29.52415537	29.60563498	29.41774606	27.86452565	27.33180829	26.74882812
C19615	21.98846287	23.26667935	22.38050577	22.08422575	21.46671878	21.12084012	20.73095347	20.79513234	20.46975717	22.0165328	20.45332138	21.00029968	27.76886533	21.87708941	19.88901233	24.05158514	20.50619831	21.39350626	20.90069098	19.72412448	21.37330427	21.30353371	22.17081455	25.0823914	21.37310396	21.24705926	21.38444054	22.62336874	20.34642433	20.75195106	21.89794234
C00519	18.99762246	22.19102578	20.73986652	21.12705648	21.96917598	21.66987911	19.74421143	18.81851156	9.965784285	23.75092789	13.47429458	21.53167989	9.965784285	17.61152147	23.02921517	15.6988618	20.28904436	19.9856266	12.4804772	21.63482874	17.3395027	13.92468142	19.05113605	22.4658698	24.28080904	25.24686682	25.10701266	25.34457204	23.69476586	23.62234096	23.96685329
C00262	26.54273938	31.23238009	30.62913992	29.50197792	29.13367216	30.38142153	30.49864203	28.98193689	31.30722789	31.14887696	30.01912847	32.16954106	28.1887035	29.41319875	32.49503462	31.53829746	31.48288472	28.12927199	28.29987475	32.48195713	30.86720742	29.04403484	31.37356812	32.90892524	28.14156991	29.45706566	29.83926972	30.81571997	29.46548342	30.08334802	29.81553721
C00130	20.55818656	25.00664685	25.01716599	24.65915681	25.33097488	24.50787952	25.56338735	23.66273424	23.0426924	25.63364261	25.52242266	23.52600998	21.98733514	21.2697366	27.2700323	27.60440663	24.80817247	23.08035678	23.66807318	24.97842707	24.91755081	25.44439708	26.46800804	26.11037701	24.64600427	26.75905278	25.18395454	25.22591127	24.31194983	24.86344869	24.77672785
C00294	27.61812582	29.98873814	31.37433511	31.0504696	29.73788465	31.01817827	31.23407828	28.64271881	31.23273049	31.95622257	29.95876139	31.93893522	29.85831026	30.61178242	32.61942107	31.75483924	30.33469707	29.34950501	29.10023125	31.52441499	31.019145	30.51759754	31.54999433	31.77415106	28.97948022	29.54022703	28.27377047	29.80872507	27.7064779	28.57066591	28.23463839
C00490	23.71350041	26.1721537	24.30954303	24.85774053	25.19682589	24.54775044	23.86205164	23.23462239	29.49632549	25.72512538	24.46747225	25.83290401	24.87938372	22.81799058	27.95714803	25.59980937	25.5212762	25.30502227	24.48943952	26.26106537	25.65674374	25.43634626	26.63800448	25.64380567	25.76231719	26.23502987	26.08305961	25.99090398	26.00078837	26.05774261	26.07319897
C05938	27.77584259	31.18304504	30.7200026	30.08683992	30.84407794	30.51669481	30.53892	29.05847464	30.91760152	31.41749335	30.38569805	31.55920749	28.82962739	29.04541825	32.34894532	31.8785787	31.46645862	29.59359823	29.92426616	32.31009612	31.51065016	30.79081573	31.33637205	31.99131141	31.05072458	31.87613588	32.03049	31.99260164	31.43643446	31.34318674	31.02451334
C00186	32.36176398	35.2808526	34.8531468	34.22306786	34.29561981	34.72806181	34.54891303	33.30272848	35.07558157	34.66768151	34.03417335	35.59529795	32.01696725	32.54411491	35.52563987	34.63919505	35.27815125	33.18543292	33.35340561	35.22083946	35.36342568	33.85518117	34.89410316	34.5014498	35.08076587	35.60947298	35.48231762	35.655497	35.04954832	35.18009796	35.14825609
C00041	26.44756056	27.72278396	27.95544625	27.38731779	27.44532918	27.40972319	27.52401274	26.91772881	27.9295075	27.7419628	26.63675899	27.47395005	26.53434674	26.18470047	28.46740614	27.05501141	27.75667796	26.51675198	26.62903954	28.12728544	28.02005313	26.82276556	27.74097014	27.42021202	27.70977341	28.1669444	28.43337973	28.27680225	28.60198458	28.49458679	28.42441832
C00152	25.16348748	26.40400749	26.30611397	25.81341272	25.71600842	26.2833134	26.25431591	25.59537635	26.74664826	26.55884631	25.72814034	27.03944633	25.21600125	24.91361125	27.03982006	26.34424093	26.68043596	25.15151812	25.42788133	27.11651465	26.74686936	25.98499377	26.58573184	26.9812346	26.44692472	26.12435844	26.18619273	26.16351511	25.84492077	25.76942854	25.63082361
C02679	27.1329286	28.78977092	26.9516185	26.68892936	26.76589793	26.25285722	26.34900989	27.40053097	26.42407046	26.53241696	26.27072172	26.86944537	27.97310672	25.94383255	25.50889374	27.50887396	26.43994572	26.61355949	26.04811534	25.65401098	25.66939804	26.71723034	27.00843598	26.15509926	27.55009672	26.02434467	25.58360537	26.25341493	26.04183877	25.97225882	26.85189703
C02291	15.96790637	16.21256324	9.965784285	9.965784285	14.72474661	9.965784285	9.965784285	16.11831858	25.17318365	26.87419307	20.8797095	21.37492357	18.69477402	19.43738845	21.24503589	16.50739225	22.22905818	18.25612385	18.14889587	21.39634872	23.57153626	15.74495561	23.51649308	19.57823269	22.17937989	24.34871348	25.69543367	25.40749201	23.4654694	22.9593501	21.66313733
C00506	20.26305306	19.92071489	20.3078842	18.46693258	19.66489504	21.75548759	20.12202282	20.37847046	22.36625639	21.35699446	21.97521989	20.17078574	21.29581755	22.64069423	22.39192631	22.3759591	21.71673259	20.32724889	20.95479438	21.58740634	21.38245049	20.17845339	22.02915217	22.04459145	21.65127217	19.87850513	20.13244379	19.97607736	20.69894803	19.77498539	18.92881644
C00097	12.56933823	18.01044846	20.25805891	17.31791141	22.30615066	18.65192732	9.965784285	9.965784285	9.965784285	23.73784824	14.03494035	20.02252107	16.04707107	19.25064987	25.51367176	20.57370379	22.29645303	15.60689657	14.09351	24.23533084	18.8669458	16.37480834	21.73843179	25.33779503	22.56324869	22.6925939	22.43737523	22.34920175	22.35819074	22.70449256	9.965784285
C01419	14.99730291	24.14725554	23.88898998	23.0714621	23.76278474	21.52776602	22.64112188	9.965784285	14.82783172	23.78636334	16.14801919	24.46807331	16.76356005	20.56582203	24.86415251	21.20160249	23.38716457	19.60355517	14.78461184	25.16237127	21.80383714	21.721669	24.55481326	21.50048912	24.36167073	25.63408346	25.64572431	25.56097764	24.52719476	24.36489723	21.42830327
C02045	25.43158437	23.20597097	23.94841693	24.09980922	24.06024381	24.36176118	23.00482509	23.76334581	24.04196292	21.70528251	22.48546283	20.66562714	24.41502203	24.24979201	20.57890453	23.55361729	20.63749105	24.20138559	24.76326173	20.58558915	20.59982084	24.87935113	21.1432155	23.90217349	20.69007291	21.62608134	22.13747167	21.64561355	20.26031265	21.13637825	20.16307224
C02985	16.85690642	21.94409174	19.62206763	19.9611557	20.97774491	20.68303585	22.41957516	20.14666156	20.80415235	21.72451096	22.0091547	24.89600443	19.93143105	19.17668239	25.96354145	23.8401382	23.86964033	20.88360021	19.37238887	23.63651381	23.89632031	21.38222594	24.38565102	22.58254987	23.79657949	23.82929133	22.7711786	22.9427174	23.60066558	22.85062979	23.56794025
C01019	23.09816567	20.58019534	19.36789839	20.62883689	20.07580822	20.44643356	20.0584164	19.4717231	21.03387605	19.38073354	25.45128849	20.74382943	21.20675771	20.20034331	20.45923213	20.53328073	20.68122795	20.1407587	21.15619955	21.22285301	19.64940815	20.06398711	20.75160448	22.23874644	20.3660642	20.25404674	20.27265134	20.06092718	19.814154	20.05057078	20.29764988
C00025	27.72456695	31.15018517	30.69172572	30.0443092	30.80717203	30.48719058	30.4927858	29.01936602	30.89072746	31.37768745	30.34343592	31.52473697	28.79887337	28.99229145	32.3109257	31.84870392	31.43728876	29.55588269	29.88979793	32.25654357	31.48135641	30.76142144	31.29414849	31.9636346	31.02365494	31.83968374	31.99846947	31.95933094	31.40130863	31.30731255	30.99846831
C00064	29.20115999	30.92393101	30.99313333	30.17117772	30.30393087	30.47858594	29.96959669	29.54244284	30.54759248	30.4241625	29.46806853	30.07679835	29.41092324	29.12487914	29.91552487	30.35404908	29.44439183	29.57575293	29.4932773	30.15289929	29.63192325	30.27448653	30.16298708	30.46588991	28.38064153	28.28832808	28.52702586	28.15208788	28.03112713	28.69535096	28.47143247
C00521	20.51636647	20.1388544	20.40449764	20.63119951	20.17751388	20.02005888	20.4669819	19.99780649	20.16118687	20.1822154	20.22306569	20.65075335	22.57294352	19.91738176	20.48674463	20.93142042	20.30786163	20.64772849	20.344248	19.99796323	20.43172635	20.25908706	19.32322237	21.41135177	20.12542404	20.23871798	20.16600917	20.48717973	20.17540361	20.09691568	20.95475032
C01595	29.68311221	28.75748754	29.74082669	30.43594286	29.00099325	31.13973123	29.21229642	32.04949055	29.56178756	31.26011452	31.7054876	32.14720535	30.61180194	32.00988204	30.78907093	30.9858682	29.32809235	32.32771889	30.41716056	30.4236472	28.5213878	30.67384481	30.52796949	30.92826745	29.7803633	28.61962126	28.62589155	28.52229614	30.55514143	29.78404092	29.9008508
C00407	29.59274342	31.71611457	31.2829811	30.56957224	30.87797378	31.366384	30.98154146	30.02984321	31.82745478	31.41550287	30.50730952	32.16119881	29.91713712	29.37497435	32.36911238	31.17872523	31.62976374	29.85542806	30.2373884	32.33184725	31.58481566	30.65907701	31.56628807	31.738898	31.94367152	32.05395143	31.95071208	31.86420171	31.44160846	31.46725708	31.53238375
C00328	22.14666382	26.12339114	24.11028161	22.63681582	24.13489883	24.96680287	23.95158648	23.7510226	26.12171086	24.9138615	24.73507335	28.19529447	22.80083548	22.31460309	28.48870461	27.10740518	25.6297724	24.12464735	23.71744331	26.30144172	27.7932697	23.65631669	24.68703937	27.16713334	27.39015994	27.08501963	26.93626493	26.77791744	22.37761356	22.39381017	22.19630224
C00073	24.52737053	27.85048269	26.93834471	26.36324847	26.56337084	27.18939968	27.01435458	25.98028042	26.7074856	27.38489852	26.05224545	28.01843956	25.25158771	25.43916808	28.05664489	26.60442174	27.29641968	25.44336753	25.85718867	27.93431161	27.35938448	26.06712391	27.35934011	28.12985366	28.41301645	28.42079053	29.23646619	28.73547399	28.27361082	28.17342959	28.11378232
C02990	25.93872417	28.58113592	27.54299207	28.59646423	29.06933519	28.36692089	27.49449671	26.78256405	29.36674772	28.76311084	28.15103644	28.46120763	23.53429255	25.70319987	28.86849557	28.21706957	29.10248447	28.2120378	27.41302557	28.77495459	28.54817765	29.46692624	28.55979152	27.41738253	29.56495567	28.98242085	27.92926253	28.23997966	28.96188255	28.13992481	28.48779793
C00079	28.31451986	30.78675364	29.9778174	29.40644546	29.56347487	30.61313284	29.87362418	29.11847952	30.90934878	30.28932604	29.23408086	30.89980946	28.7553537	28.43083064	31.22696623	30.08394015	30.52978895	28.73829078	28.96249737	31.08542563	30.49245132	29.27490948	30.41495201	30.85188496	30.96129738	30.90124686	30.97675803	30.76881797	30.65630264	30.6366826	30.51146921
C00148	29.5968285	31.06028097	30.18964562	29.96794848	29.91365257	30.21423782	30.09334046	29.39075057	31.28100238	30.49460612	29.29622345	31.45785332	28.80370528	28.56032123	30.97558737	30.2274665	30.71861361	29.18588088	29.78975799	30.8535047	30.92282398	29.65366565	31.34601476	30.34716032	31.22459234	31.37483166	31.65505387	31.58326198	31.77751243	31.88343514	31.8130314
C00065	24.8335683	26.01975641	26.26744647	26.06392518	25.61601962	25.62716924	26.17816314	25.26630433	26.14431393	25.95165297	25.24104959	26.52912664	25.6348638	25.42045672	26.68768496	25.52634619	26.35898801	24.6396937	25.14704524	25.88157515	26.19794786	25.78599684	26.01912116	26.84073307	26.2820339	26.36234131	26.45013421	26.30913879	25.88666138	25.75749935	25.7625728
C00188	25.20294964	27.32438902	27.12910677	27.12461725	26.52240001	27.1587753	27.56833569	26.30103338	27.25981731	27.51023792	26.2143673	27.45525302	26.17267109	26.2444286	27.40221707	26.68004247	26.97308818	25.7561023	26.3906823	26.76676192	27.25918447	26.60813232	27.22432195	26.9415397	27.59395471	27.16730317	27.58746609	27.31371606	27.74395276	27.6174405	27.59267178
C00078	25.12643806	29.72199757	28.82180399	28.11282179	28.63868217	29.05306369	28.58328921	28.18815608	29.37778946	29.15718939	27.84142914	28.66093007	28.21032195	26.73254545	29.19425458	28.34514076	28.98314562	27.56281496	28.03953917	29.65373835	28.2137274	28.21790917	28.94662299	28.85657811	29.62031559	29.46471732	29.50404506	29.59646499	29.82104207	29.60050693	29.59654542
C00082	25.582111	28.51142584	27.82673076	26.89176154	27.32086195	28.21545126	27.36583551	27.11680893	28.09485461	28.06272257	26.94731822	28.50476751	27.02981466	26.25588117	28.26979068	27.39328119	28.04433919	26.88852121	26.49660475	28.41106714	27.8263336	26.94839121	27.85854701	28.31797805	28.34723639	28.24635848	28.12318567	28.09442575	28.12764467	28.11967239	28.13674277
C05411	28.10725719	26.26209402	25.8233428	26.29997553	27.22444483	25.72227254	25.76541761	25.35195344	26.06370126	26.79859191	25.38527019	26.61274773	25.10191357	24.40131406	26.87987515	26.1032917	25.35757939	24.98184972	25.34543301	26.47024946	25.01147487	27.08628037	25.82794546	27.27814474	25.67460528	26.32654258	26.10079195	26.0399	26.47007657	26.76584758	26.97498116
C00047	26.14878571	29.21120071	29.24180537	27.75601255	27.51137636	28.31414158	27.98844538	26.97306699	28.82116303	28.59352283	26.67002667	29.02418774	26.80718791	26.02722011	29.58489997	28.10593944	28.23804158	26.32948389	26.96799722	29.0072459	28.30661168	27.37152449	28.675557	29.06302083	29.56197788	29.52094605	29.84366292	29.57461444	29.17117674	29.24280941	29.41416034
C00149	27.26367222	29.4612967	30.26416138	30.01781329	29.68676901	29.26309211	29.76040103	28.36339006	29.70880124	30.1904414	29.18105604	30.21303471	27.63972723	28.65471395	30.10048188	29.84468209	30.02758682	28.79971528	28.57858877	29.84597702	29.71413437	29.25765751	30.31819283	30.69902656	29.76052438	30.73562702	30.97060449	31.00371805	30.44170399	30.63320631	30.45411439
C05828	26.4722412	20.57019814	21.25936041	22.06638	22.46159541	22.8956228	20.5442954	22.92477796	25.22687034	21.7807723	21.69037009	20.01708701	22.23038512	23.52435593	21.66732795	20.61101934	21.16833755	21.57049241	22.62507125	21.47571095	21.3029667	21.18655234	19.89268926	21.39436941	21.47350869	21.23728228	22.2820342	21.69432347	21.58050865	22.09912373	22.26248598
C04593	23.11661127	23.23968671	23.01071253	24.99009367	23.85777604	25.60779931	22.06813993	22.29723787	24.8946591	22.49630495	23.15552972	22.80935966	22.09778915	21.58782698	24.58063656	24.76712189	23.18475252	21.90628879	22.27356627	23.49872472	22.49644159	23.01872629	23.63792491	26.57673548	22.00951832	22.31388411	22.25030565	22.17512397	22.70440823	24.90705286	24.48124015
C00137	29.2497578	29.33536662	29.69640254	30.79555857	30.51172815	29.73198733	31.24785765	29.62513449	28.43164727	30.57137084	30.30652045	29.97959635	29.16560263	30.01937608	31.13750536	30.04560396	29.87334428	29.50828847	29.5992044	31.9629668	30.0368479	29.9386702	30.86356734	29.94733512	29.72313462	30.62503731	30.72335714	30.72554806	31.23357774	31.04816836	30.68268328
C06424	30.50662676	30.69247199	30.44700203	30.69336434	31.64620468	30.38236688	30.79519578	30.91838205	30.62027963	30.95598941	30.70733293	30.8256275	31.06937703	30.37160509	30.48406545	30.61584365	30.53543368	30.49230356	30.68657578	30.90164068	30.81385139	31.05551808	30.7220842	30.673552	30.28189598	31.51932785	30.76045241	31.08265111	30.01508121	30.77907461	31.58982539
C00437	22.40542826	21.66595495	21.68044289	22.64781753	22.26243989	20.60823252	19.76892473	21.98165006	21.4196912	21.27336553	19.28794818	20.833357	21.36531466	19.53825911	20.01097625	22.15641428	21.32974591	21.6828098	21.05623211	21.30239575	20.09230397	22.35631139	19.79233365	21.78557464	23.01607231	22.49262667	21.33769723	20.8379202	23.21085146	22.77141232	23.67703362
C03406	20.06541681	21.9319926	23.14571568	21.99080002	21.80800247	21.51114832	22.13554543	20.33525991	22.33548893	23.31509425	20.61567054	23.53481815	19.5598832	21.19250563	22.57423602	21.84726776	22.4249722	20.26496016	20.72025421	22.39023639	21.42463106	21.2821773	23.25155715	24.20787058	22.46997073	24.90092269	26.19467009	26.48038294	22.33376889	23.06722582	22.10571361
C03413	20.41625309	18.73118284	20.57368863	20.58713949	21.02824756	21.34442884	20.49819578	19.63129844	21.03520169	22.06850478	20.79988878	23.21561438	20.78618559	20.19442191	21.97216929	21.27963665	23.00286289	19.79300809	19.51136659	24.04446502	22.71672408	23.56104113	23.88391672	20.31780935	22.22781145	23.70971131	24.14106005	24.16785934	24.07716249	25.69673268	25.98681611
C04376	9.965784285	21.61076069	9.965784285	9.965784285	9.965784285	16.96254783	9.965784285	13.60792738	19.9496344	19.03186016	9.965784285	24.2894629	13.22315855	20.49681737	20.28236469	17.8070988	17.7581447	21.17171288	15.13819903	20.86895043	14.3089233	15.44607607	16.10190913	22.89496271	27.69985729	29.68614327	29.41196434	28.96965398	21.21058454	21.17243927	20.55710743
C03793	26.63669601	26.88605568	26.22435766	25.66900176	25.72800481	26.18313154	25.78596994	24.5495313	27.82969691	27.79977725	24.59665582	27.46381025	25.01847237	24.2471686	28.29801809	26.73427047	26.61125504	24.49509941	25.52693495	27.64676451	26.44995041	25.15405639	27.74492539	27.37122208	27.04756794	27.77060025	27.36405278	27.43054877	27.59889379	27.81573757	27.97707245
C01042	24.7656171	27.91777051	26.34936083	27.06045189	27.04999835	30.51700244	27.32634862	26.23982737	30.74277272	30.00425553	26.45196505	26.20311905	24.96580651	26.65025393	30.20688391	29.42100045	26.8826873	25.21214273	27.40157454	30.88179609	25.91772569	27.54277004	30.68860172	27.38829011	26.92778545	28.59901568	28.15662309	28.13786595	30.21097316	30.74388961	30.23862137
C00624	21.36677713	22.84255115	22.35575456	21.15137052	21.7101678	22.9105913	20.43251202	20.2627868	23.95519138	22.80083894	21.65830866	23.67102336	21.48193343	21.31223338	24.33303393	24.01146599	22.94488729	21.33329133	22.75496657	25.35611426	22.86332418	21.95807217	23.59363449	22.74728281	23.20898556	24.37414228	24.15890085	24.24106172	25.02342483	25.1647515	24.47762797
C06241	12.64291024	18.6641405	15.94672853	15.648142	9.965784285	17.21580795	17.05201745	15.97540886	20.35165095	18.80366316	17.22403768	19.43247979	14.62113199	14.87255023	21.43347814	19.28502358	18.30912165	12.69620904	14.15804017	18.87495956	18.79599381	17.02681128	18.96662274	22.5895369	9.965784285	19.86605681	19.35981672	20.09992432	19.54394735	19.77607626	19.41376073
C19910	21.98628666	24.15389378	22.98629855	24.35867749	23.65903445	23.66435975	24.36941228	21.99412666	23.87487064	24.39926478	22.97606404	23.97557738	22.83517127	21.70733654	25.42620374	23.92408707	22.86224086	21.28174474	21.97366478	23.37997312	23.7934138	24.85214626	24.69776968	24.82841755	24.31175596	25.29817978	24.67229511	24.3516296	23.23583772	22.77138461	22.67064913
C00003	23.11155148	25.69444688	25.61346668	25.72215111	26.13463255	25.10813869	24.83236701	24.30513467	25.1922408	25.97353071	24.95066101	23.08642672	23.42993125	22.82093032	22.27186879	24.20764217	24.94925971	24.65431339	24.52926751	25.22034099	25.38741548	25.14306285	26.04087502	21.16235139	25.18257765	25.5361818	25.97846257	25.89763756	25.888149	26.19347334	26.32378385
C00004	18.23588324	22.07326849	21.45218111	22.74009608	22.33030968	21.71308572	22.38665651	18.5715967	21.38702076	22.1499921	20.51676847	22.10495547	17.29827235	16.31509565	21.47390048	22.77961077	22.45176964	19.94637947	19.3423329	23.92109124	22.00275058	22.60626337	23.71880871	21.64982237	23.45420796	24.17304943	24.26776641	24.05689833	22.47182582	23.16354973	22.78326123
C00006	15.36338486	20.00503027	19.3426576	20.4700259	20.24350627	20.14777701	18.63142875	15.96518666	19.44424882	19.92849423	18.94631429	17.39201644	16.37984056	16.62523552	18.680856	20.33546142	18.65723146	19.18305652	18.93124554	19.74841967	18.96462494	19.93004196	21.01005818	17.93630766	19.7111339	17.99791067	19.0533369	19.37305107	19.47924911	18.48465884	19.54712609
C00829	18.70058085	18.95862137	19.11839685	19.84234132	19.56082691	19.25860135	19.37223523	18.94763438	18.07135745	18.16121341	18.02860426	19.0024294	20.86261208	18.21133387	18.7840852	19.56138382	18.29654268	18.87608186	18.15710312	19.0976229	19.11972808	18.21514385	18.49116245	20.49640055	19.40991178	19.64639715	18.92026657	19.3626555	19.46367124	19.65062032	19.84536424
C00438	18.43807384	16.19889087	9.965784285	16.48548651	16.71003104	16.42354664	16.10624578	17.17209774	9.965784285	17.89189303	16.95459307	17.22987885	17.48836154	15.11594119	21.11532918	19.32794935	17.68068146	16.20332976	16.74324733	20.00387739	18.46569866	17.48136627	9.965784285	15.65040094	20.46789349	20.91024238	21.30268475	20.32178017	23.18798612	22.9722123	22.85087103
C00439	22.48276111	22.38120709	25.43351907	23.39477914	21.47701257	22.03467995	21.12772641	20.00054841	22.73763136	23.03863649	19.27715728	21.04688482	21.09870573	18.42997266	21.64842347	20.39713667	21.21241992	18.94961616	20.0301716	21.70994455	21.00133539	20.36999116	21.33910981	20.89603315	23.34833458	24.39139545	24.27950253	24.16301277	20.72923846	21.0328166	21.11896059
C05653	19.76190652	21.04203464	21.15286486	19.13043098	20.71019048	20.32281279	19.30659771	18.68417818	21.3121799	20.1137382	18.36831295	20.80951276	19.73887395	18.58211636	21.85643987	21.05255376	19.32037786	18.44784361	20.23717001	21.15495414	21.88966828	19.3340083	21.13503145	20.84106725	20.63797946	20.25623198	19.44836738	20.19371386	17.45198391	18.81698926	19.3203194
C00153	26.18302062	28.90135337	29.11148581	28.69870219	28.00750548	29.14466943	29.4878095	27.23973747	28.74989995	29.47249636	28.10270335	30.94390766	26.77764459	28.69912911	32.15265777	30.314482	29.21692333	27.26265559	27.69312	29.94448506	29.83390186	28.50522714	30.2930577	31.82361315	28.49504058	29.69029695	29.58806586	30.00713691	29.4066295	30.32788633	29.42440908
C01210	17.53899117	21.14347995	21.57820522	20.37057866	20.60642238	20.21056338	20.1695298	18.45919843	20.25041821	21.94973147	19.29646547	19.78081978	18.0729569	17.99796948	22.84532727	20.68617959	20.15845894	19.17304381	19.2895715	23.15056271	20.13338766	20.45147137	21.79836382	21.45683607	20.2873465	21.45609005	21.60565425	21.39180665	21.68564129	21.75706749	21.25816315
C01026	25.8139894	22.57732868	23.43550041	22.88979654	22.70302049	23.66112077	23.28488899	22.72435519	23.39306945	23.20556547	22.68496864	23.04568093	22.88276906	22.26198247	23.5307683	22.72270066	22.69376625	22.65000652	22.73439166	23.92259414	22.39695612	22.87756463	22.17874491	22.40804518	24.61594842	24.40325864	23.98550331	23.56464321	24.1883522	24.28439464	24.1148694
C01601	28.3781175	28.86452741	27.67225142	27.00528569	27.58408711	27.61479457	25.74745556	25.72544067	26.15430746	25.6702835	26.02493414	25.14295397	26.36612793	25.57652814	25.37494988	25.88403492	25.17850157	25.86957507	26.42716361	24.58714222	25.56783825	26.28538385	25.5728465	25.66391399	26.44301295	26.25401325	26.72641027	27.75104995	26.87736235	27.14516876	28.04388719
C02305	22.42279946	25.51224613	24.14447302	24.3566672	24.52059655	22.98638318	24.15611339	24.15096808	23.87159597	20.39199305	23.18615601	18.08730926	22.44437651	22.45235505	18.73289839	23.08877272	21.72279304	23.82065355	23.75644392	20.79120394	21.57723383	23.35685083	20.45543527	20.59543444	22.93628413	22.80612318	25.34232683	25.76548519	25.90468985	25.73871259	26.66468635
C02571	30.21498323	32.21319984	32.11465701	31.91898299	31.7938516	31.15971376	31.15895343	30.33298013	31.37705551	31.72332103	31.0430337	31.15788487	29.95231486	30.74602823	32.00354009	31.45117682	31.2162034	31.02233005	30.99455964	31.99238386	31.38161552	31.42770346	31.66062213	31.39961331	31.61717049	32.43239312	32.00268257	31.98552041	31.43033283	31.32047031	30.95520934
C02838	23.91325608	25.73082583	24.69127789	25.28705997	26.14545269	23.99708191	23.14630639	23.90931416	25.81504972	25.68783525	24.19010823	24.07072442	21.65287928	23.08635485	23.74292404	24.16715567	25.01587446	24.38734685	23.84113725	23.8166796	25.26684179	24.15600277	23.84801117	23.14360963	24.9888817	25.32840003	24.57561278	24.82401926	25.52781295	24.44773728	24.90134885
C00712	32.17158038	30.22631654	30.87848523	31.34572777	29.94324458	32.05198001	30.090869	32.69021915	30.22399052	32.44568933	32.57121271	33.19119578	32.23288049	33.4058437	31.98100277	31.40552852	30.50071562	33.57118127	31.43771804	31.36873991	29.0133504	31.52331847	32.13238502	31.6816812	30.06749476	28.61911863	28.67196222	29.37946318	32.23836281	30.49933845	31.21324759
C00077	23.39732226	25.00724915	24.59668899	23.84542904	23.05376647	24.09268013	24.54321714	23.9094572	24.56265185	24.01044403	22.63343868	23.9816514	23.7657784	23.48810208	24.37515677	24.11613061	23.68037566	23.52187774	23.33318902	24.41022841	23.56558837	23.463038	24.18480782	23.46592126	27.48911183	25.73614451	25.63693959	25.21446208	24.70328367	25.31185049	25.7259515
C00295	22.63002799	20.69570811	20.88183763	21.44031465	21.40949078	22.07900559	21.04919998	21.80622948	21.23880217	20.77224966	21.93344222	21.60206802	21.94253625	21.73669246	24.43420164	22.52169134	21.88441969	22.021338	22.34359446	22.35680732	21.7835698	21.76718614	23.10333642	23.49136325	22.74438937	23.52444735	22.47028393	22.29176275	23.6748757	24.5401844	24.0868049
C00249	31.77162655	31.41399424	31.17110048	31.22355668	30.20241601	31.50036845	30.46996039	31.75786425	30.52333766	31.27961292	31.62263753	31.82240012	31.29654276	31.6595584	31.05788988	31.286704	30.61043909	31.74784788	30.74492373	31.56228443	30.02505439	31.15605504	31.1136203	31.42888016	30.74247139	29.82380507	29.83572162	30.77266652	31.74075296	30.50693836	31.24243908
C08362	29.50146263	27.32483972	27.52659219	28.2420549	27.39170173	29.13876721	27.33056474	29.01263381	27.44392872	28.44247014	28.5728382	29.52619925	29.47662984	29.16615513	29.90047214	28.58094989	27.44913569	29.94311137	27.64283789	28.31765991	26.25705883	28.42001835	29.17781661	28.80048114	27.90437902	26.39646801	26.34587978	27.07630451	28.74248975	27.69600662	28.18035137
C16537	26.50482048	26.9134448	26.06931888	25.84417108	25.37496412	25.96739002	25.23399553	26.23782734	25.78160361	25.95045374	25.76326391	26.60143741	26.47059283	25.39994459	26.66429581	25.72554565	25.36072762	26.13249582	25.42383375	25.90410889	25.0976107	25.52821482	25.4444624	27.65857715	25.51691111	25.36647243	25.2103311	26.0857626	25.83735008	25.90208394	26.55704751
C11924	22.32996018	21.93700207	25.07389486	25.14695056	25.03640077	23.97911822	22.90591659	24.82793679	24.51146415	23.7099601	22.99213527	22.8589487	22.41584209	22.90605701	23.23611763	24.41364724	23.64340136	24.31362714	23.24363408	21.41128712	24.20438414	24.74425598	21.14606148	23.49783122	23.69779164	22.718713	21.96892166	22.39604009	22.38090897	23.78937424	23.30284909
C02576	21.17359154	21.49852361	21.17136378	21.29299327	20.75476001	20.59351766	20.85485285	20.43178048	20.7905926	20.60562729	20.854165	20.74038787	23.23128041	20.58737846	20.83044168	21.52637617	20.79570585	21.07775818	20.74487312	20.35359271	20.86182206	21.08299607	20.0856625	21.96188323	20.74611083	20.99456561	20.81473547	21.47982669	20.79788258	20.43094648	21.39495661
C00601	19.11072799	21.78028977	21.10576661	20.20234879	20.72100742	21.53448441	20.70917805	20.36325394	21.19852089	21.3192938	20.22848817	21.76688074	20.47679855	19.40083712	21.64427668	20.68361401	21.43452546	20.01786131	19.74263889	21.70627777	21.05371255	20.13423313	21.1783152	21.74148513	21.73868497	21.43509319	21.48414831	21.19391369	21.3243649	21.3022579	21.37597738
C07086	23.87126068	24.69066759	24.22461714	23.73581632	23.01339075	23.71126416	23.15808405	23.04463915	23.88370756	23.69806007	23.9819364	23.42111306	23.7180022	23.35422786	23.27596193	23.8784895	22.9242681	23.49456507	23.53612662	22.83260192	23.60427032	23.52609969	23.86225932	23.58517445	23.01927117	23.33854535	23.67662112	24.61237344	23.65358197	23.68374793	24.56512606
C13482	13.5626145	21.32283274	21.04506988	20.69756405	19.36281402	20.72051262	20.51681919	17.96997036	19.80762912	21.50431166	17.59217662	19.91265212	19.47115386	15.01582245	22.05594202	20.41759291	20.24496586	18.37269082	17.69104409	21.29385554	17.64191118	19.25060447	22.0330247	21.5241072	21.19434658	23.12923107	23.0236616	22.86565473	23.34189037	23.96041875	23.96564317
C00074	19.17871659	24.47069201	21.60878785	22.28338372	20.94579194	22.33076471	22.04554659	21.66016645	21.61139317	21.28609022	21.53115165	22.96158229	21.43018188	23.63484545	20.60122509	22.44106313	23.21659771	20.14594931	20.91410987	20.27995315	22.11885853	20.58254052	21.04444208	23.93586705	21.65383013	21.13544843	21.22777047	21.78618217	22.4446038	22.65548544	22.67848893
C01607	21.17668713	22.27473556	21.65300564	22.24510826	21.69743305	22.00790924	21.24933557	22.69764337	19.85593644	23.24439153	21.99987124	24.35289791	22.81401266	22.02205004	21.1912375	21.4629642	23.01169875	24.1054605	21.41894069	21.79306279	20.80596631	22.3150814	22.72358188	22.64958248	23.01982946	21.50553823	20.67161335	21.57409361	23.77779898	21.99694477	23.01036988
C03017	24.86102983	29.91087876	28.33425305	29.29253223	28.08314878	28.2835822	25.83482057	26.47072222	29.11404725	29.49439663	26.39457925	26.67209912	25.00890197	26.79742569	30.40178164	27.85650615	27.13958368	26.03044097	26.74696169	28.5612164	27.48410383	26.45073275	28.80844509	30.89959995	28.5596205	29.73013661	29.6356726	29.58271535	29.74385566	31.08024816	30.62818795
C12449	22.59815286	26.8971214	25.77976923	25.39901078	26.17228196	25.24287536	25.10797808	24.40096014	25.72889288	26.48699503	24.83771216	25.34920722	23.79686645	23.78283781	25.4674666	25.49088755	25.04165955	24.05174278	24.54757726	26.35012891	25.35897289	25.97459379	26.26289974	26.00443182	20.71179335	21.50980582	23.47689273	23.34812203	21.27975077	21.77457	20.37200563
C00250	19.7519164	18.00082429	17.85862397	20.76194968	16.48933751	18.12411781	17.30714491	21.71067909	17.65727154	16.13754839	19.61992957	20.20423926	9.965784285	17.78384761	17.86636632	18.17724592	17.43747787	18.10028391	17.62436334	16.80046763	17.58043066	20.08060218	17.2856234	20.05790541	21.92615043	23.24986632	23.32364675	23.11059283	22.32975597	23.41621265	23.50779346
C00022	26.24167246	26.39785253	24.86521891	24.68577603	24.88702125	23.94053703	24.57961165	25.55076899	25.19289098	23.62338496	24.92702102	23.61125483	25.38723248	23.38902857	23.58258759	24.36487441	23.45088069	24.5901865	25.61661134	23.4577149	23.31099471	23.82752121	23.5233778	22.83552068	23.20889837	23.20957935	23.36310837	23.43464554	24.21852689	23.27636348	23.78051172
C03722	20.74995489	22.49711424	21.22996449	20.04649643	22.90974245	22.45419069	19.6999652	20.75320411	18.58967487	21.78029821	23.76266608	26.3493407	20.84179498	20.69240851	28.78029892	28.16459166	22.80846895	22.61073904	20.7504561	26.34800525	24.65626625	23.80858066	23.35068355	29.3304829	22.43651076	23.46624329	22.09993841	21.93278796	18.70690566	18.31367466	18.03260103
C00255	21.45333386	21.87414988	19.53499699	20.21892357	20.48022562	20.60260836	20.31997964	19.84227699	21.7161982	20.57472271	20.48130904	22.67860479	19.76195334	18.00975753	22.11251802	21.18028275	21.44764081	19.53058583	19.40477516	24.11329484	21.89909257	20.29830549	21.8748802	22.42518063	22.6347959	22.99283672	23.21583242	22.88574067	23.13793901	23.09630286	22.27250456
C00117	22.77410956	26.18737887	26.0364785	26.10901893	24.4377059	24.95130749	26.1490555	23.65028554	26.15368796	27.73267106	24.88780014	27.97011332	24.55351698	24.58368493	27.32510169	27.32299699	26.1645317	24.57720864	23.59269685	24.86823815	26.49227768	25.21943032	25.68890392	27.00819553	25.58571634	25.66690866	25.33878373	25.84535025	25.32505135	26.01179554	25.24124971
C00021	21.35916656	22.70866249	24.4109645	22.19785296	22.51916237	23.72158907	22.79526322	22.87602857	23.80529532	24.11912792	22.37507033	24.18931151	22.2339233	23.92514818	25.04397992	23.67398403	23.46540034	22.95270105	22.01240519	23.59119105	23.51042338	22.50845642	24.50426541	25.18756811	21.73316414	22.7130109	23.18450935	23.36731293	23.2816798	23.63584358	23.43961083
C00019	19.33204729	26.01160944	24.75365408	23.13539781	24.12004366	23.58023839	23.04980327	21.68780717	25.26891281	24.71215043	20.07580177	23.69327951	19.08349786	18.62019403	25.07620704	22.38388629	22.75263147	19.90838154	18.5326792	24.1357102	23.6701569	19.97508405	23.8392396	22.07240677	23.20644163	24.84104418	24.77218544	25.11733416	25.13093012	25.18187759	23.75217734
C00447	12.53962412	21.44162869	16.92262715	17.48356195	9.965784285	19.24989778	16.16768561	9.965784285	9.965784285	21.57807799	15.83363846	21.96470634	9.965784285	14.07281308	24.90078559	22.27230496	19.32666576	17.40935348	9.965784285	21.83836807	18.14709512	15.95659691	22.0842671	25.48270295	19.74539078	21.3862826	21.0188304	21.60844108	18.65941235	19.87890728	18.45785129
C05382	20.56586534	26.08213109	25.60849615	24.93924992	25.87813981	25.78861991	24.45830535	23.45889314	25.24216737	26.1942442	24.34110367	25.5081596	23.69519627	24.27492834	25.70500361	25.71779047	25.55902826	23.87774785	23.28936992	25.03785468	25.00809172	23.65714874	24.78722505	27.69956706	24.84088637	26.17327375	25.91536914	25.91005986	25.44375875	26.49007979	25.6223409
C00670	28.06412583	32.39930223	30.20814045	30.72012276	32.60792553	31.48101479	31.4249388	30.821581	31.98106777	32.22508499	31.14795426	32.61618785	30.14068449	30.80798011	31.3713521	31.44198848	32.14392951	30.80345729	31.26640682	32.74212298	32.48445588	30.60197673	32.24906314	31.51888872	32.70800879	33.40557998	33.53100548	33.48168338	32.75399284	32.96318845	32.63966035
C00319	19.13008252	20.52660114	22.59818035	20.9516964	21.78900029	23.42736748	20.79615017	21.20186458	21.15269098	22.96732663	22.99879533	24.50046062	15.58765061	21.62013723	23.13518973	21.84201633	23.0532914	21.67729152	20.46079073	22.34167693	22.01039091	21.42928515	22.05724406	22.20025398	21.85133538	21.14806426	20.77883037	21.03761598	21.18930531	21.08899491	22.35723842
C01530	27.9473722	28.91510811	28.94752565	28.85425	28.20751145	29.37344146	28.63654301	29.3448962	28.05722531	29.24074728	29.11334768	29.73314926	28.17761377	29.14937517	28.78788371	29.15310131	28.93856149	29.70022731	28.62355602	29.51461515	28.44665638	29.26534567	29.25555296	29.44578029	29.3485786	28.30849783	28.12695646	28.8001283	30.50441914	29.29454628	30.07341111
C00042	25.82478061	28.99177917	29.22719416	28.36154777	28.90395634	28.83804003	28.36903028	27.44900534	28.72635786	29.2896074	28.2276802	29.00586466	26.33109832	26.32428286	29.42999801	28.36564856	29.2194396	27.36727269	27.68865552	30.06185632	29.11843041	28.30345215	29.32464073	27.64371329	29.46137203	30.29534798	30.21514264	30.05249297	29.58567471	29.48830649	29.15229975
C11301	14.12265363	9.965784285	15.02317789	15.46563684	18.31739686	16.193097	17.68897709	15.93022074	15.83131944	12.95911084	14.03612595	14.10059779	16.93509933	9.965784285	11.91574496	16.80155666	17.24384512	16.62790564	18.05998668	14.54098284	17.11943753	18.33471711	14.27537436	9.965784285	17.36362825	15.13742759	14.98148179	9.965784285	15.30351892	15.88816581	17.38760545
C00245	29.84477935	32.2573171	32.15784747	31.45308258	31.94474491	32.00933082	32.02794528	30.64269898	32.07345075	31.79605533	31.6010744	31.81791057	29.99490601	30.42839001	32.88036557	32.57600771	31.386101	31.05213319	30.75105294	31.56721896	32.01763114	31.35493058	31.69894648	32.64800086	32.43081771	33.24639752	33.26269784	33.19410887	32.48836657	32.73112401	32.70263127
C05463	19.36807698	14.45247176	17.51646706	20.63194355	21.51611824	18.5741579	20.3517872	24.02979374	18.88819237	17.28281292	21.1197933	15.47294597	19.90363483	15.39446738	9.965784285	20.56605203	16.67989773	9.965784285	18.64105868	17.02996082	16.1108758	19.9618775	16.62013799	18.46764931	20.62624538	19.38714246	20.17215697	19.78392818	17.69509284	19.16472242	20.90078329
C00320	20.75292829	20.82424799	20.68354081	19.12242308	21.65012613	20.9570905	20.31977949	19.53349407	15.53397464	19.79446433	20.48038572	19.34588152	23.86271583	20.3229912	21.86994992	23.66451514	20.3788031	20.43937327	21.8797776	22.31444438	20.98416665	19.98289992	21.91337686	20.81432844	23.16014016	22.06466622	22.0109628	21.86125429	23.61672847	22.22093767	22.33934656
C00214	18.81663426	20.75476302	20.20927096	18.35830707	15.69991452	18.54905851	12.61941622	13.78811868	14.2588126	15.63640997	16.71458349	15.48656433	17.60199745	19.55069951	18.58858142	16.80032004	16.90909093	15.53348916	15.20150193	16.0857269	14.45220378	15.44480222	18.35350449	9.965784285	19.8022875	19.30994313	20.81700895	20.90726113	21.99218066	21.4743313	21.75541161
C00178	21.09668653	22.03685958	22.33107603	20.7167221	19.84569904	20.87379675	19.77362853	19.2903413	19.47993031	20.37563601	19.92404983	21.12509374	20.4774663	21.78921035	22.38120837	19.98934001	20.79860669	19.9587406	19.87913831	22.94658753	20.5369475	19.29561398	21.13406231	19.69852655	22.96257445	22.89325002	23.43865253	23.33303684	23.73666482	23.36292832	23.74134494
C01197	19.34472577	20.22396884	21.51894675	22.06809706	18.72084093	18.45643892	18.14673586	18.39215366	19.72820073	18.51837791	17.4514754	20.53556515	19.56280934	16.31815078	17.87999828	22.28749966	18.06398614	18.87745654	19.13652759	17.83728374	18.72214332	19.75304526	18.21791107	18.5603553	22.42078462	19.92740538	20.55835205	19.53906306	19.96280601	19.65059143	20.45074397
C01104	30.47176125	24.26290393	26.52964721	22.363844	25.79156041	24.60191946	25.71214281	25.0442347	25.68896598	23.40234481	23.20678042	22.57428544	25.16423566	23.66444776	23.9858568	26.27042124	23.3561325	26.11018084	27.01917851	24.75800712	23.38470802	24.05277249	23.64566358	24.56914738	26.25819732	26.36867909	25.41463583	24.95804832	24.79739222	24.73743439	24.94146763
C00015	20.51608811	26.40708197	25.7772298	26.02389181	26.03431599	25.0696309	23.84667747	22.49449614	24.124667	25.38992547	24.08697802	23.80144379	21.44354885	19.53351419	25.2886042	26.27546318	25.29527725	24.82392824	24.23910416	25.54692966	24.09767731	25.20266291	26.70753232	24.01968597	26.96042441	28.14971493	28.53718131	28.14961116	27.64689084	28.62811639	28.80800729
C00190	16.80946239	22.56430865	22.25154331	20.93645027	22.11271929	21.62604836	20.38245601	18.74146222	21.15948368	22.13998547	19.80226359	22.21788501	17.79666606	17.98546002	23.01716843	22.00474588	20.70289703	19.65847968	19.54665679	23.12606754	21.22214847	21.73945091	22.77732646	22.14305139	21.29286371	22.58881033	22.47851338	22.67680002	22.31609217	22.60717447	22.20345345
C00029	22.27870988	26.40879319	25.65275256	25.81534706	26.56896065	25.171278	24.3422923	24.2160922	25.26932483	27.3294961	25.12213189	26.1408691	23.70158599	23.70142179	27.73585067	26.59772824	25.28809761	25.63551039	25.4372182	28.00096934	25.8369469	26.35597046	28.57404846	23.41911418	27.66830287	29.0239779	28.96567657	28.91088501	28.04265919	28.73018623	28.4491028
C00167	18.49298183	23.2841066	23.57505708	24.1633989	23.9932608	24.12106837	21.30001658	20.9183538	23.17016716	24.20273611	21.45601437	24.56554933	20.00392137	19.95955142	24.90634255	25.36733138	22.07887966	22.92558277	22.71586908	26.18213211	22.00631297	24.12168901	26.55917112	25.65271296	25.75696186	26.88542112	26.83174439	26.63097369	27.07878151	26.89030782	26.13206331
C00043	23.54197206	29.45709808	28.57929875	28.21441797	28.82587753	27.95564305	27.28053138	25.37577247	28.34559766	28.3989427	26.75167728	29.01994874	24.89519004	24.45335845	29.85981611	28.96920191	28.1631078	26.47583791	26.83650452	28.73363503	28.11647284	27.66094895	29.60285478	28.51148604	28.76365426	29.62593611	30.01154605	29.8649213	29.09463093	29.52024405	29.45893822
C00105	23.5525066	26.77956536	28.11546012	27.02843567	26.45738873	26.41889011	26.26983093	23.50147642	25.60966315	28.778947	24.92422041	26.12699979	24.3052178	23.94120621	29.15212313	26.83022824	26.4476804	25.87594899	25.68824316	28.77947177	25.8744502	27.77134542	29.18537295	27.2015694	27.51034005	28.82596821	28.62843453	27.9869651	28.99629649	29.72877673	28.98382977
C00106	21.9176063	28.19289774	25.77207735	23.77186221	24.92105613	26.61766824	25.01035522	24.31523227	27.8841427	26.35724956	25.73012694	28.76231587	23.4164207	24.20631558	29.67493668	27.33359015	28.45156648	23.48697922	24.81734178	30.17066316	27.79417684	25.4576259	28.370975	29.4356584	27.92249666	28.83766401	28.68501855	28.50609473	27.54422238	26.77546795	27.08701574
C02642	25.16828805	26.40400749	26.30675535	25.81341272	25.71600842	26.28346967	26.25431591	25.59644556	26.74681473	26.55884631	25.72814034	27.03944633	25.2201804	24.91424037	27.03982006	26.34424093	26.68072809	25.15197184	25.42862033	27.11665063	26.74686936	25.98556819	26.58573184	26.9812346	26.44692472	26.12435844	26.18619273	26.16351511	25.84492077	25.76942854	25.63082361
C00299	25.43731619	29.13163176	28.66477442	29.09993948	28.10858345	28.78717358	28.66131891	27.37073267	28.79718939	28.89996208	27.68876965	28.22711975	27.96571522	28.87355687	29.30702909	28.87369675	28.36759463	27.23477918	27.034687	29.34031778	28.29272072	28.03920734	29.334314	30.3783003	27.94115334	29.01215427	28.96658626	29.25680026	27.81472853	28.31656196	28.56302342
C00075	17.89835843	25.63398163	21.97242982	24.2661645	25.33166756	22.54904076	21.34401161	21.45772175	22.56477892	21.28928702	22.94384536	20.15024234	17.74893773	13.23121338	20.05250502	23.7953504	23.3051089	22.38322869	21.9751141	20.83818253	21.58731055	21.42278285	22.3193676	19.50599532	24.12093528	24.28528854	25.1159256	25.08294784	18.64283495	20.01758297	20.44649544
C00183	27.23289779	29.07087551	28.54943247	28.33922629	28.21094171	28.70141872	28.2503216	27.78570298	29.0812992	29.11749218	27.90343313	29.0231891	27.78597908	27.21057805	29.24001165	28.36135402	28.81915928	27.75893186	28.12736146	29.49140747	28.66506373	28.19886505	28.5836683	28.86138706	28.75348164	28.56622591	28.37949244	28.34326702	28.65518765	28.62634331	28.57629056
C00385	24.10593119	27.82822655	25.65298993	26.6957757	25.31105442	26.85809722	27.58027153	25.94214338	28.26898814	25.71113755	26.85543245	30.28340975	25.90065502	26.71550244	26.42228476	27.93148978	27.05547935	25.06434659	25.40252869	30.62447249	29.99904597	26.11297244	27.29022002	27.35484114	28.41903337	29.33934558	29.99108666	30.35800679	29.74600041	29.54722492	29.57615246
C01762	17.38594668	18.4644644	13.1989209	12.46275812	12.83129279	16.61430663	15.8767318	13.27201575	18.58548282	17.3337783	16.95980922	22.94482254	9.965784285	18.88636258	17.56683254	18.91205149	18.09436231	14.23666833	14.13050694	21.86576577	21.34498903	12.95874011	17.65181792	19.20755083	18.08980733	19.3990735	20.21161825	20.79001739	20.13017474	18.41377214	19.46764357
